matrix A (5, 5)
  2.000000  0.000000  8.000000  6.000000  0.000000
  1.000000  6.000000  0.000000  1.000000  7.000000
  5.000000  0.000000  7.000000  4.000000  0.000000
  7.000000  0.000000  8.000000  5.000000  0.000000
  0.000000 10.000000  0.000000  0.000000  7.000000

U (5, 5)
 -0.542255  0.064996  0.821617  0.105747 -0.124490
 -0.101812 -0.593461 -0.112552  0.788123  0.060270
 -0.524953  0.059382 -0.212969 -0.115742  0.813724
 -0.644870  0.070406 -0.508744 -0.059903 -0.562829
 -0.064495 -0.796930  0.090010 -0.592195 -0.044126

S (5, 5)
 17.918371  0.000000  0.000000  0.000000  0.000000
  0.000000 15.171372  0.000000  0.000000  0.000000
  0.000000  0.000000  3.564002  0.000000  0.000000
  0.000000  0.000000  0.000000  1.984228  0.000000
  0.000000  0.000000  0.000000  0.000000  0.349556

VT (5, 5)
 -0.464617 -0.070086 -0.735094 -0.484392 -0.064970
  0.021507 -0.759988  0.098797  0.025447 -0.641520
 -0.868509  0.063071  0.284009  0.398866 -0.044274
  0.000800 -0.601346 -0.223485  0.332684  0.691201
 -0.171349 -0.227841  0.565040 -0.703523  0.323284

prod (5, 5)
  2.000000 -0.000000  8.000000  6.000000  0.000000
  1.000000  6.000000 -0.000000  1.000000  7.000000
  5.000000 -0.000000  7.000000  4.000000 -0.000000
  7.000000 -0.000000  8.000000  5.000000  0.000000
  0.000000 10.000000 -0.000000 -0.000000  7.000000

Utrim (5, 4)
 -0.542255  0.064996  0.821617  0.105747
 -0.101812 -0.593461 -0.112552  0.788123
 -0.524953  0.059382 -0.212969 -0.115742
 -0.644870  0.070406 -0.508744 -0.059903
 -0.064495 -0.796930  0.090010 -0.592195

Strim (4, 4)
 17.918371  0.000000  0.000000  0.000000
  0.000000 15.171372  0.000000  0.000000
  0.000000  0.000000  3.564002  0.000000
  0.000000  0.000000  0.000000  1.984228

VTtrim (4, 5)
 -0.464617 -0.070086 -0.735094 -0.484392 -0.064970
  0.021507 -0.759988  0.098797  0.025447 -0.641520
 -0.868509  0.063071  0.284009  0.398866 -0.044274
  0.000800 -0.601346 -0.223485  0.332684  0.691201

prodRed (5, 5)
  1.992544 -0.009915  8.024588  5.969385  0.014068
  1.003610  6.004800 -0.011904  1.014822  6.993189
  5.048739  0.064808  6.839279  4.200111 -0.091955
  6.966289 -0.044826  8.111166  4.861589  0.063603
 -0.002643  9.996486  0.008716 -0.010852  7.004987

diff (5, 5)
  0.007456  0.009915 -0.024588  0.030615 -0.014068
 -0.003610 -0.004800  0.011904 -0.014822  0.006811
 -0.048739 -0.064808  0.160721 -0.200111  0.091955
  0.033711  0.044826 -0.111166  0.138411 -0.063603
  0.002643  0.003514 -0.008716  0.010852 -0.004987

Utrim2 (5, 3)
 -0.542255  0.064996  0.821617
 -0.101812 -0.593461 -0.112552
 -0.524953  0.059382 -0.212969
 -0.644870  0.070406 -0.508744
 -0.064495 -0.796930  0.090010

Strim2 (3, 3)
 17.918371  0.000000  0.000000
  0.000000 15.171372  0.000000
  0.000000  0.000000  3.564002

VTtrim2 (3, 5)
 -0.464617 -0.070086 -0.735094 -0.484392 -0.064970
  0.021507 -0.759988  0.098797  0.025447 -0.641520
 -0.868509  0.063071  0.284009  0.398866 -0.044274

prodRed2 (5, 5)
  1.992376  0.116263  8.071481  5.899580 -0.130963
  1.002360  6.945194  0.337585  0.494565  5.912277
  5.048923 -0.073297  6.787954  4.276515  0.066785
  6.966384 -0.116302  8.084603  4.901132  0.145760
 -0.001703  9.289875 -0.253890  0.380068  7.817182

diff (5, 5)
  0.007624 -0.116263 -0.071481  0.100420  0.130963
 -0.002360 -0.945194 -0.337585  0.505435  1.087723
 -0.048923  0.073297  0.212046 -0.276515 -0.066785
  0.033616  0.116302 -0.084603  0.098868 -0.145760
  0.001703  0.710125  0.253890 -0.380068 -0.817182

Uorig (5, 3)
 -0.540000  0.070000  0.820000
 -0.100000 -0.590000 -0.110000
 -0.530000  0.060000 -0.210000
 -0.650000  0.070000 -0.510000
 -0.060000 -0.800000  0.090000

Sorig (3, 3)
 17.920000  0.000000  0.000000
  0.000000 15.170000  0.000000
  0.000000  0.000000  3.560000

Vorig (3, 5)
 -0.460000  0.020000 -0.870000 -0.000000  0.170000
 -0.070000 -0.760000  0.060000  0.600000  0.230000
 -0.740000  0.100000  0.280000  0.220000 -0.560000

prodOrig (5, 5)
  2.216787 -0.708660  9.299906  1.279364 -3.035571
  1.740625  6.727228  0.912374 -5.456332 -2.143913
  4.858406 -0.956464  8.108196  0.381648 -0.986590
  6.627291 -1.221564  9.689106  0.237708 -0.719187
  1.107016  9.233896  0.296976 -7.211112 -3.153488

diff (5, 5)
 -0.216787  0.708660 -1.299906  4.720636  3.035571
 -0.740625 -0.727228 -0.912374  6.456332  9.143913
  0.141594  0.956464 -1.108196  3.618352  0.986590
  0.372709  1.221564 -1.689106  4.762292  0.719187
 -1.107016  0.766104 -0.296976  7.211112 10.153488

