matrix A
9 7
0  1  0  1  1  0  1
0  1  1  0  0  0  0
0  0  0  0  0  1  1
0  0  0  1  0  0  0
0  1  1  0  0  0  0
1  0  0  1  0  0  0
0  0  0  0  1  1  0
0  0  1  1  0  0  0
1  0  0  1  0  0  0
matrix U
9 9
 0.6977  0.0931 -0.0175  0.6951  0.0000 -0.0157 -0.1441  0.0000  0.0000
 0.2619 -0.2966 -0.4681 -0.1969  0.0000  0.2468  0.1570 -0.6356  0.3099
 0.3527  0.4491  0.1017 -0.4013 -0.7071  0.0066  0.0493  0.0000  0.0000
 0.1121 -0.1410  0.1478  0.0733  0.0000 -0.4842  0.8402  0.0000  0.0000
 0.2619 -0.2966 -0.4681 -0.1969  0.0000  0.2468  0.1570  0.6356 -0.3099
 0.1874 -0.3747  0.5049 -0.1270  0.0000  0.2287 -0.0338 -0.3099 -0.6356
 0.3527  0.4491  0.1017 -0.4013  0.7071  0.0066  0.0493  0.0000  0.0000
 0.2104 -0.3337 -0.0954 -0.2820  0.0000 -0.7340 -0.4657  0.0000  0.0000
 0.1874 -0.3747  0.5049 -0.1270  0.0000  0.2287 -0.0338  0.3099  0.6356
matrix Sigma
9 7
1.5777  0.0000  0.0000  0.0000  0.0000  0.0000  0.0000
0.0000  1.2664  0.0000  0.0000  0.0000  0.0000  0.0000
0.0000  0.0000  1.1890  0.0000  0.0000  0.0000  0.0000
0.0000  0.0000  0.0000  0.7962  0.0000  0.0000  0.0000
0.0000  0.0000  0.0000  0.0000  0.7071  0.0000  0.0000
0.0000  0.0000  0.0000  0.0000  0.0000  0.5664  0.0000
0.0000  0.0000  0.0000  0.0000  0.0000  0.0000  0.1968
0.0000  0.0000  0.0000  0.0000  0.0000  0.0000  0.0000
0.0000  0.0000  0.0000  0.0000  0.0000  0.0000  0.0000
matrix V transpose
7 7
  0.168000  0.447100  0.268700  0.395400  0.470800  0.316200  0.470800
 -0.418400 -0.228000 -0.422600 -0.399400  0.302800  0.501500  0.302800
  0.600500 -0.463100 -0.500900  0.392900  0.050100  0.121000  0.050100
 -0.225600  0.218500 -0.490000  0.130500  0.260900 -0.712800  0.260900
  0.000000  0.000000  0.000000  0.000000  0.707100  0.000000 -0.707100
  0.571000  0.487200 -0.245100 -0.613200 -0.011300  0.016600 -0.011300
 -0.243200  0.498600 -0.445100  0.369700 -0.340500  0.354200 -0.340500

matrix V
7 7
0.1680 -0.4184  0.6005 -0.2256  0.0000  0.5710 -0.2432
0.4471 -0.2280 -0.4631  0.2185  0.0000  0.4872  0.4986
0.2687 -0.4226 -0.5009 -0.4900  0.0000 -0.2451 -0.4451
0.3954 -0.3994  0.3929  0.1305  0.0000 -0.6132  0.3697
0.4708  0.3028  0.0501  0.2609  0.7071 -0.0113 -0.3405
0.3162  0.5015  0.1210 -0.7128  0.0000  0.0166  0.3542
0.4708  0.3028  0.0501  0.2609 -0.7071 -0.0113 -0.3405

matrix A
5 5
2  0 8 6 0
1  6 0 1 7 
5  0 7 4 0
7  0 8 5 0
0 10 0 0 7
matrix U
5 5
-0.54  0.07  0.82 -0.11  0.12
-0.10 -0.59 -0.11 -0.79 -0.06
-0.53  0.06 -0.21  0.12 -0.81
-0.65  0.07 -0.51  0.06  0.56
-0.06 -0.80  0.09  0.59  0.04
matrix Sigma
5 5
17.92  0.00  0.00  0.00  0.00
 0.00 15.17  0.00  0.00  0.00
 0.00  0.00  3.56  0.00  0.00
 0.00  0.00  0.00  1.98  0.00
 0.00  0.00  0.00  0.00  0.35
matrix Vtranspose
5 5
-0.46  0.02 -0.87 -0.00  0.17
-0.07 -0.76  0.06  0.60  0.23
-0.74  0.10  0.28  0.22 -0.56
-0.48  0.03  0.40 -0.33  0.70
-0.07 -0.64 -0.04 -0.69 -0.32
