matrix C (5, 6)
  1.000000  0.000000  1.000000  0.000000  0.000000  0.000000
  0.000000  1.000000  0.000000  0.000000  0.000000  0.000000
  1.000000  1.000000  0.000000  0.000000  0.000000  0.000000
  1.000000  0.000000  0.000000  1.000000  1.000000  0.000000
  0.000000  0.000000  0.000000  1.000000  0.000000  1.000000

matrix xU (5, 5)
 -0.440000 -0.300000  0.570000  0.580000  0.250000
 -0.130000 -0.330000 -0.590000  0.000000  0.730000
 -0.480000 -0.510000 -0.370000  0.000000 -0.610000
 -0.700000  0.350000  0.150000 -0.580000  0.160000
 -0.260000  0.650000 -0.410000  0.580000 -0.090000

matrix xS (5, 5)
  2.160000  0.000000  0.000000  0.000000  0.000000
  0.000000  1.590000  0.000000  0.000000  0.000000
  0.000000  0.000000  1.280000  0.000000  0.000000
  0.000000  0.000000  0.000000  1.000000  0.000000
  0.000000  0.000000  0.000000  0.000000  0.390000

matrix xVT (5, 6)
 -0.750000 -0.280000 -0.200000 -0.450000 -0.330000 -0.120000
 -0.290000 -0.530000 -0.190000  0.630000  0.220000  0.410000
  0.280000 -0.750000  0.450000 -0.200000  0.120000 -0.330000
  0.000000  0.000000  0.580000  0.000000 -0.580000  0.580000
 -0.530000  0.290000  0.630000  0.190000  0.410000 -0.220000

arrxUtrim (5, 2)
 -0.440000 -0.300000
 -0.130000 -0.330000
 -0.480000 -0.510000
 -0.700000  0.350000
 -0.260000  0.650000

arrxStrim (2, 2)
  2.160000  0.000000
  0.000000  1.590000

arrxVTtrim (2, 6)
 -0.750000 -0.280000 -0.200000 -0.450000 -0.330000 -0.120000
 -0.290000 -0.530000 -0.190000  0.630000  0.220000  0.410000

xprod (5, 6)
  0.851130  0.518922  0.280710  0.127170  0.208692 -0.081522
  0.362763  0.356715  0.155853 -0.204201 -0.022770 -0.181431
  1.012761  0.720081  0.361431 -0.044307  0.163746 -0.208053
  0.972615  0.128415  0.196665  1.030995  0.621390  0.409605
  0.121485 -0.390507 -0.084045  0.903825  0.412698  0.491127

U (5, 5)
  0.440347 -0.296174 -0.569498  0.577350 -0.246402
  0.129346 -0.331451  0.587022  0.000000 -0.727197
  0.475530 -0.511115  0.367690  0.000000  0.614358
  0.703020  0.350572 -0.154906 -0.577350 -0.159788
  0.262673  0.646747  0.414592  0.577350  0.086614

S (5, 5)
  2.162501  0.000000  0.000000  0.000000  0.000000
  0.000000  1.594382  0.000000  0.000000  0.000000
  0.000000  0.000000  1.275290  0.000000  0.000000
  0.000000  0.000000  0.000000  1.000000  0.000000
  0.000000  0.000000  0.000000  0.000000  0.393915

VT (6, 6)
  0.748623  0.279712  0.203629  0.446563  0.325096  0.121467
 -0.286454 -0.528459 -0.185761  0.625521  0.219880  0.405641
 -0.279712  0.748623 -0.446563  0.203629 -0.121467  0.325096
 -0.000000  0.000000  0.577350  0.000000 -0.577350  0.577350
  0.528459 -0.286454 -0.625521 -0.185761 -0.405641  0.219880
  0.000000 -0.000000 -0.000000 -0.577350  0.577350  0.577350

VTtrim (5, 6)
  0.748623  0.279712  0.203629  0.446563  0.325096  0.121467
 -0.286454 -0.528459 -0.185761  0.625521  0.219880  0.405641
 -0.279712  0.748623 -0.446563  0.203629 -0.121467  0.325096
 -0.000000  0.000000  0.577350  0.000000 -0.577350  0.577350
  0.528459 -0.286454 -0.625521 -0.185761 -0.405641  0.219880

prod (5, 6)
  1.000000 -0.000000  1.000000 -0.000000 -0.000000 -0.000000
 -0.000000  1.000000 -0.000000  0.000000  0.000000 -0.000000
  1.000000  1.000000 -0.000000  0.000000 -0.000000  0.000000
  1.000000  0.000000 -0.000000  1.000000  1.000000  0.000000
 -0.000000  0.000000 -0.000000  1.000000  0.000000  1.000000

Utrim (5, 2)
  0.440347 -0.296174
  0.129346 -0.331451
  0.475530 -0.511115
  0.703020  0.350572
  0.262673  0.646747

Strim (2, 2)
  2.162501  0.000000
  0.000000  1.594382

VTtrim (2, 6)
  0.748623  0.279712  0.203629  0.446563  0.325096  0.121467
 -0.286454 -0.528459 -0.185761  0.625521  0.219880  0.405641

prodRed (5, 6)
  0.848146  0.515902  0.281625  0.129860  0.205743 -0.075882
  0.360778  0.357508  0.155125 -0.205653 -0.025264 -0.180389
  1.003270  0.718285  0.360778 -0.050529  0.155125 -0.205653
  0.978006  0.129860  0.205743  1.028534  0.617139  0.411396
  0.129860 -0.386042 -0.075882  0.898674  0.411396  0.487278

diff (5, 6)
  0.151854 -0.515902  0.718375 -0.129860 -0.205743  0.075882
 -0.360778  0.642492 -0.155125  0.205653  0.025264  0.180389
 -0.003270  0.281715 -0.360778  0.050529 -0.155125  0.205653
  0.021994 -0.129860 -0.205743 -0.028534  0.382861 -0.411396
 -0.129860  0.386042  0.075882  0.101326 -0.411396  0.512722

Utrim2 (5, 2)
  0.440347 -0.296174
  0.129346 -0.331451
  0.475530 -0.511115
  0.703020  0.350572
  0.262673  0.646747

Strim2 (2, 2)
  2.162501  0.000000
  0.000000  1.594382

VTtrim2 (2, 6)
  0.748623  0.279712  0.203629  0.446563  0.325096  0.121467
 -0.286454 -0.528459 -0.185761  0.625521  0.219880  0.405641

prodRed2 (5, 6)
  0.848146  0.515902  0.281625  0.129860  0.205743 -0.075882
  0.360778  0.357508  0.155125 -0.205653 -0.025264 -0.180389
  1.003270  0.718285  0.360778 -0.050529  0.155125 -0.205653
  0.978006  0.129860  0.205743  1.028534  0.617139  0.411396
  0.129860 -0.386042 -0.075882  0.898674  0.411396  0.487278

diff (5, 6)
  0.151854 -0.515902  0.718375 -0.129860 -0.205743  0.075882
 -0.360778  0.642492 -0.155125  0.205653  0.025264  0.180389
 -0.003270  0.281715 -0.360778  0.050529 -0.155125  0.205653
  0.021994 -0.129860 -0.205743 -0.028534  0.382861 -0.411396
 -0.129860  0.386042  0.075882  0.101326 -0.411396  0.512722

sbyv (2, 6)
  1.618898  0.604877  0.440347  0.965693  0.703020  0.262673
 -0.456717 -0.842566 -0.296174  0.997319  0.350572  0.646747

