input_matrix_a (9, 7)
  0.000000  1.000000  0.000000  1.000000  1.000000  0.000000  1.000000
  0.000000  1.000000  1.000000  0.000000  0.000000  0.000000  0.000000
  0.000000  0.000000  0.000000  0.000000  0.000000  1.000000  1.000000
  0.000000  0.000000  0.000000  1.000000  0.000000  0.000000  0.000000
  0.000000  1.000000  1.000000  0.000000  0.000000  0.000000  0.000000
  1.000000  0.000000  0.000000  1.000000  0.000000  0.000000  0.000000
  0.000000  0.000000  0.000000  0.000000  1.000000  1.000000  0.000000
  0.000000  0.000000  1.000000  1.000000  0.000000  0.000000  0.000000
  1.000000  0.000000  0.000000  1.000000  0.000000  0.000000  0.000000

normalized_a (9, 7)
  0.000000  0.577350  0.000000  0.447214  0.707107  0.000000  0.707107
  0.000000  0.577350  0.577350  0.000000  0.000000  0.000000  0.000000
  0.000000  0.000000  0.000000  0.000000  0.000000  0.707107  0.707107
  0.000000  0.000000  0.000000  0.447214  0.000000  0.000000  0.000000
  0.000000  0.577350  0.577350  0.000000  0.000000  0.000000  0.000000
  0.707107  0.000000  0.000000  0.447214  0.000000  0.000000  0.000000
  0.000000  0.000000  0.000000  0.000000  0.707107  0.707107  0.000000
  0.000000  0.000000  0.577350  0.447214  0.000000  0.000000  0.000000
  0.707107  0.000000  0.000000  0.447214  0.000000  0.000000  0.000000

input_matrix_u (9, 9)
  0.697700  0.093100 -0.017500  0.695100  0.000000 -0.015700 -0.144100  0.000000  0.000000
  0.261900 -0.296600 -0.468100 -0.196900  0.000000  0.246800  0.157000 -0.635600  0.309900
  0.352700  0.449100  0.101700 -0.401300 -0.707100  0.006600  0.049300  0.000000  0.000000
  0.112100 -0.141000  0.147800  0.073300  0.000000 -0.484200  0.840200  0.000000  0.000000
  0.261900 -0.296600 -0.468100 -0.196900  0.000000  0.246800  0.157000  0.635600 -0.309900
  0.187400 -0.374700  0.504900 -0.127000  0.000000  0.228700 -0.033800 -0.309900 -0.635600
  0.352700  0.449100  0.101700 -0.401300  0.707100  0.006600  0.049300  0.000000  0.000000
  0.210400 -0.333700 -0.095400 -0.282000  0.000000 -0.734000 -0.465700  0.000000  0.000000
  0.187400 -0.374700  0.504900 -0.127000  0.000000  0.228700 -0.033800  0.309900  0.635600

input_matrix_sigma (9, 7)
  1.577700  0.000000  0.000000  0.000000  0.000000  0.000000  0.000000
  0.000000  1.266400  0.000000  0.000000  0.000000  0.000000  0.000000
  0.000000  0.000000  1.189000  0.000000  0.000000  0.000000  0.000000
  0.000000  0.000000  0.000000  0.796200  0.000000  0.000000  0.000000
  0.000000  0.000000  0.000000  0.000000  0.707100  0.000000  0.000000
  0.000000  0.000000  0.000000  0.000000  0.000000  0.566400  0.000000
  0.000000  0.000000  0.000000  0.000000  0.000000  0.000000  0.196800
  0.000000  0.000000  0.000000  0.000000  0.000000  0.000000  0.000000
  0.000000  0.000000  0.000000  0.000000  0.000000  0.000000  0.000000

input_matrix_vt (7, 7)
  0.168000  0.447100  0.268700  0.395400  0.470800  0.316200  0.470800
 -0.418400 -0.228000 -0.422600 -0.399400  0.302800  0.501500  0.302800
  0.600500 -0.463100 -0.500900  0.392900  0.050100  0.121000  0.050100
 -0.225600  0.218500 -0.490000  0.130500  0.260900 -0.712800  0.260900
  0.000000  0.000000  0.000000  0.000000  0.707100  0.000000 -0.707100
  0.571000  0.487200 -0.245100 -0.613200 -0.011300  0.016600 -0.011300
 -0.243200  0.498600 -0.445100  0.369700 -0.340500  0.354200 -0.340500

rounded result (9, 7)
  0.000100  0.577400 -0.000000  0.447200  0.707000 -0.000000  0.707000
  0.000000  0.577400  0.577400 -0.000000 -0.000100 -0.000100 -0.000100
 -0.000000 -0.000000 -0.000100 -0.000000  0.000000  0.707100  0.707100
 -0.000000 -0.000000 -0.000000  0.447200  0.000000  0.000100  0.000000
  0.000000  0.577400  0.577400 -0.000000 -0.000100 -0.000100 -0.000100
  0.707100  0.000100  0.000000  0.447200  0.000000  0.000000  0.000000
 -0.000000 -0.000000 -0.000100 -0.000000  0.707100  0.707100  0.000000
  0.000000 -0.000000  0.577300  0.447200 -0.000000 -0.000000 -0.000000
  0.707100  0.000100  0.000000  0.447200  0.000000  0.000000  0.000000

difference  (9, 7)
 -0.000100 -0.000000  0.000000  0.000000  0.000100  0.000000  0.000100
  0.000000 -0.000000 -0.000000  0.000000  0.000100  0.000100  0.000100
  0.000000  0.000000  0.000100  0.000000  0.000000  0.000000  0.000000
  0.000000  0.000000  0.000000  0.000000  0.000000 -0.000100  0.000000
  0.000000 -0.000000 -0.000000  0.000000  0.000100  0.000100  0.000100
  0.000000 -0.000100  0.000000  0.000000  0.000000  0.000000  0.000000
  0.000000  0.000000  0.000100  0.000000  0.000000  0.000000  0.000000
  0.000000  0.000000  0.000100  0.000000  0.000000  0.000000  0.000000
  0.000000 -0.000100  0.000000  0.000000  0.000000  0.000000  0.000000

matrix_u7 (9, 7)
  0.697700  0.093100 -0.017500  0.695100  0.000000 -0.015700 -0.144100
  0.261900 -0.296600 -0.468100 -0.196900  0.000000  0.246800  0.157000
  0.352700  0.449100  0.101700 -0.401300 -0.707100  0.006600  0.049300
  0.112100 -0.141000  0.147800  0.073300  0.000000 -0.484200  0.840200
  0.261900 -0.296600 -0.468100 -0.196900  0.000000  0.246800  0.157000
  0.187400 -0.374700  0.504900 -0.127000  0.000000  0.228700 -0.033800
  0.352700  0.449100  0.101700 -0.401300  0.707100  0.006600  0.049300
  0.210400 -0.333700 -0.095400 -0.282000  0.000000 -0.734000 -0.465700
  0.187400 -0.374700  0.504900 -0.127000  0.000000  0.228700 -0.033800

matrix_sigma7 (7, 7)
  1.577700  0.000000  0.000000  0.000000  0.000000  0.000000  0.000000
  0.000000  1.266400  0.000000  0.000000  0.000000  0.000000  0.000000
  0.000000  0.000000  1.189000  0.000000  0.000000  0.000000  0.000000
  0.000000  0.000000  0.000000  0.796200  0.000000  0.000000  0.000000
  0.000000  0.000000  0.000000  0.000000  0.707100  0.000000  0.000000
  0.000000  0.000000  0.000000  0.000000  0.000000  0.566400  0.000000
  0.000000  0.000000  0.000000  0.000000  0.000000  0.000000  0.196800

matrix_vt7 (7, 7)
  0.168000  0.447100  0.268700  0.395400  0.470800  0.316200  0.470800
 -0.418400 -0.228000 -0.422600 -0.399400  0.302800  0.501500  0.302800
  0.600500 -0.463100 -0.500900  0.392900  0.050100  0.121000  0.050100
 -0.225600  0.218500 -0.490000  0.130500  0.260900 -0.712800  0.260900
  0.000000  0.000000  0.000000  0.000000  0.707100  0.000000 -0.707100
  0.571000  0.487200 -0.245100 -0.613200 -0.011300  0.016600 -0.011300
 -0.243200  0.498600 -0.445100  0.369700 -0.340500  0.354200 -0.340500

a7_product (9, 7)
  0.000066  0.577359 -0.000011  0.447168  0.707045 -0.000013  0.707045
  0.000026  0.577385  0.577351 -0.000031 -0.000088 -0.000051 -0.000088
 -0.000006 -0.000036 -0.000072 -0.000025  0.000001  0.707055  0.707088
 -0.000026 -0.000015 -0.000019  0.447212  0.000025  0.000053  0.000025
  0.000026  0.577385  0.577351 -0.000031 -0.000088 -0.000051 -0.000088
  0.707101  0.000069  0.000032  0.447210  0.000009  0.000026  0.000009
 -0.000006 -0.000036 -0.000072 -0.000025  0.707088  0.707055  0.000001
  0.000024 -0.000007  0.577311  0.447217 -0.000039 -0.000016 -0.000039
  0.707101  0.000069  0.000032  0.447210  0.000009  0.000026  0.000009

a7_productround (9, 7)
  0.000100  0.577400 -0.000000  0.447200  0.707000 -0.000000  0.707000
  0.000000  0.577400  0.577400 -0.000000 -0.000100 -0.000100 -0.000100
 -0.000000 -0.000000 -0.000100 -0.000000  0.000000  0.707100  0.707100
 -0.000000 -0.000000 -0.000000  0.447200  0.000000  0.000100  0.000000
  0.000000  0.577400  0.577400 -0.000000 -0.000100 -0.000100 -0.000100
  0.707100  0.000100  0.000000  0.447200  0.000000  0.000000  0.000000
 -0.000000 -0.000000 -0.000100 -0.000000  0.707100  0.707100  0.000000
  0.000000 -0.000000  0.577300  0.447200 -0.000000 -0.000000 -0.000000
  0.707100  0.000100  0.000000  0.447200  0.000000  0.000000  0.000000

matrix_u4 (9, 4)
  0.697700  0.093100 -0.017500  0.695100
  0.261900 -0.296600 -0.468100 -0.196900
  0.352700  0.449100  0.101700 -0.401300
  0.112100 -0.141000  0.147800  0.073300
  0.261900 -0.296600 -0.468100 -0.196900
  0.187400 -0.374700  0.504900 -0.127000
  0.352700  0.449100  0.101700 -0.401300
  0.210400 -0.333700 -0.095400 -0.282000
  0.187400 -0.374700  0.504900 -0.127000

matrix_sigma4 (4, 4)
  1.577700  0.000000  0.000000  0.000000
  0.000000  1.266400  0.000000  0.000000
  0.000000  0.000000  1.189000  0.000000
  0.000000  0.000000  0.000000  0.796200

matrix_vt4 (4, 7)
  0.168000  0.447100  0.268700  0.395400  0.470800  0.316200  0.470800
 -0.418400 -0.228000 -0.422600 -0.399400  0.302800  0.501500  0.302800
  0.600500 -0.463100 -0.500900  0.392900  0.050100  0.121000  0.050100
 -0.225600  0.218500 -0.490000  0.130500  0.260900 -0.712800  0.260900

a4_product (9, 7)
 -0.001753  0.595831 -0.014813  0.452199  0.697289  0.010180  0.697289
 -0.072279  0.493875  0.625366  0.074264  0.012012 -0.013315  0.012012
  0.000219 -0.006695  0.005163 -0.001319  0.356890  0.703556  0.356890
  0.196785  0.051156  0.006360  0.217910  0.053228 -0.053962  0.053228
 -0.072279  0.493875  0.625366  0.074264  0.012012 -0.013315  0.012012
  0.631518 -0.059725  0.028820  0.529100 -0.000793  0.000232 -0.000793
  0.000219 -0.006695  0.005163 -0.001319  0.356890  0.703556  0.356890
  0.215121  0.248237  0.434621  0.226170 -0.035944  0.039348 -0.035944
  0.631518 -0.059725  0.028820  0.529100 -0.000793  0.000232 -0.000793

a4_productround (9, 7)
 -0.001800  0.595800 -0.014800  0.452200  0.697300  0.010200  0.697300
 -0.072300  0.493900  0.625400  0.074300  0.012000 -0.013300  0.012000
  0.000200 -0.006700  0.005200 -0.001300  0.356900  0.703600  0.356900
  0.196800  0.051200  0.006400  0.217900  0.053200 -0.054000  0.053200
 -0.072300  0.493900  0.625400  0.074300  0.012000 -0.013300  0.012000
  0.631500 -0.059700  0.028800  0.529100 -0.000800  0.000200 -0.000800
  0.000200 -0.006700  0.005200 -0.001300  0.356900  0.703600  0.356900
  0.215100  0.248200  0.434600  0.226200 -0.035900  0.039300 -0.035900
  0.631500 -0.059700  0.028800  0.529100 -0.000800  0.000200 -0.000800

svdmatrix_u (9, 9)
 -0.697745 -0.093139  0.017536 -0.695105  0.000000  0.015667  0.144060 -0.000000  0.000000
 -0.261944  0.296588  0.468066  0.196904 -0.000000 -0.246804 -0.157009 -0.635598  0.309863
 -0.352744 -0.449099 -0.101704  0.401328  0.707107 -0.006643 -0.049293  0.000000  0.000000
 -0.112094  0.141044 -0.147780 -0.073319  0.000000  0.484193 -0.840169  0.000000 -0.000000
 -0.261944  0.296588  0.468066  0.196904  0.000000 -0.246804 -0.157009  0.635598 -0.309863
 -0.187374  0.374679 -0.504919  0.127004  0.000000 -0.228665  0.033847 -0.309863 -0.635598
 -0.352744 -0.449099 -0.101704  0.401328 -0.707107 -0.006643 -0.049293  0.000000 -0.000000
 -0.210435  0.333698  0.095437  0.281997 -0.000000  0.734046  0.465734  0.000000 -0.000000
 -0.187374  0.374679 -0.504919  0.127004 -0.000000 -0.228665  0.033847  0.309863  0.635598

svdmatrix_sigma (7, 7)
  1.577664  0.000000  0.000000  0.000000  0.000000  0.000000  0.000000
  0.000000  1.266371  0.000000  0.000000  0.000000  0.000000  0.000000
  0.000000  0.000000  1.189028  0.000000  0.000000  0.000000  0.000000
  0.000000  0.000000  0.000000  0.796238  0.000000  0.000000  0.000000
  0.000000  0.000000  0.000000  0.000000  0.707107  0.000000  0.000000
  0.000000  0.000000  0.000000  0.000000  0.000000  0.566367  0.000000
  0.000000  0.000000  0.000000  0.000000  0.000000  0.000000  0.196789

svdmatrix_vt (7, 7)
 -0.167961 -0.447060 -0.268728 -0.395441 -0.470827 -0.316199 -0.470827
  0.418421  0.227971  0.422570  0.399394 -0.302771 -0.501529 -0.302771
 -0.600544  0.463068  0.500893 -0.392909 -0.050054 -0.120965 -0.050054
  0.225574 -0.218469  0.490025 -0.130541 -0.260891  0.712807 -0.260891
  0.000000  0.000000 -0.000000  0.000000 -0.707107 -0.000000  0.707107
 -0.570973 -0.487210  0.245101  0.613199  0.011266 -0.016587  0.011266
  0.243240 -0.498631  0.445115 -0.369702  0.340521 -0.354239  0.340521

svdmatrix_u7 (9, 7)
 -0.697745 -0.093139  0.017536 -0.695105  0.000000  0.015667  0.144060
 -0.261944  0.296588  0.468066  0.196904 -0.000000 -0.246804 -0.157009
 -0.352744 -0.449099 -0.101704  0.401328  0.707107 -0.006643 -0.049293
 -0.112094  0.141044 -0.147780 -0.073319  0.000000  0.484193 -0.840169
 -0.261944  0.296588  0.468066  0.196904  0.000000 -0.246804 -0.157009
 -0.187374  0.374679 -0.504919  0.127004  0.000000 -0.228665  0.033847
 -0.352744 -0.449099 -0.101704  0.401328 -0.707107 -0.006643 -0.049293
 -0.210435  0.333698  0.095437  0.281997 -0.000000  0.734046  0.465734
 -0.187374  0.374679 -0.504919  0.127004 -0.000000 -0.228665  0.033847

svdmatrix_sigma7 (7, 7)
  1.577664  0.000000  0.000000  0.000000  0.000000  0.000000  0.000000
  0.000000  1.266371  0.000000  0.000000  0.000000  0.000000  0.000000
  0.000000  0.000000  1.189028  0.000000  0.000000  0.000000  0.000000
  0.000000  0.000000  0.000000  0.796238  0.000000  0.000000  0.000000
  0.000000  0.000000  0.000000  0.000000  0.707107  0.000000  0.000000
  0.000000  0.000000  0.000000  0.000000  0.000000  0.566367  0.000000
  0.000000  0.000000  0.000000  0.000000  0.000000  0.000000  0.196789

svdmatrix_vt7 (7, 7)
 -0.167961 -0.447060 -0.268728 -0.395441 -0.470827 -0.316199 -0.470827
  0.418421  0.227971  0.422570  0.399394 -0.302771 -0.501529 -0.302771
 -0.600544  0.463068  0.500893 -0.392909 -0.050054 -0.120965 -0.050054
  0.225574 -0.218469  0.490025 -0.130541 -0.260891  0.712807 -0.260891
  0.000000  0.000000 -0.000000  0.000000 -0.707107 -0.000000  0.707107
 -0.570973 -0.487210  0.245101  0.613199  0.011266 -0.016587  0.011266
  0.243240 -0.498631  0.445115 -0.369702  0.340521 -0.354239  0.340521

svdproduct7 (9, 7)
  0.000000  0.577350 -0.000000  0.447214  0.707107  0.000000  0.707107
 -0.000000  0.577350  0.577350 -0.000000  0.000000  0.000000  0.000000
 -0.000000  0.000000  0.000000  0.000000 -0.000000  0.707107  0.707107
  0.000000 -0.000000 -0.000000  0.447214 -0.000000  0.000000  0.000000
  0.000000  0.577350  0.577350  0.000000  0.000000  0.000000  0.000000
  0.707107  0.000000 -0.000000  0.447214  0.000000  0.000000  0.000000
 -0.000000  0.000000  0.000000 -0.000000  0.707107  0.707107 -0.000000
  0.000000 -0.000000  0.577350  0.447214  0.000000  0.000000 -0.000000
  0.707107  0.000000 -0.000000  0.447214  0.000000  0.000000  0.000000

U4 (9, 4)
  0.697700  0.093100 -0.017500  0.695100
  0.261900 -0.296600 -0.468100 -0.196900
  0.352700  0.449100  0.101700 -0.401300
  0.112100 -0.141000  0.147800  0.073300
  0.261900 -0.296600 -0.468100 -0.196900
  0.187400 -0.374700  0.504900 -0.127000
  0.352700  0.449100  0.101700 -0.401300
  0.210400 -0.333700 -0.095400 -0.282000
  0.187400 -0.374700  0.504900 -0.127000

matrix_sigma4 (4, 4)
  1.577700  0.000000  0.000000  0.000000
  0.000000  1.266400  0.000000  0.000000
  0.000000  0.000000  1.189000  0.000000
  0.000000  0.000000  0.000000  0.796200

matrix_vt4 (4, 7)
  0.168000  0.447100  0.268700  0.395400  0.470800  0.316200  0.470800
 -0.418400 -0.228000 -0.422600 -0.399400  0.302800  0.501500  0.302800
  0.600500 -0.463100 -0.500900  0.392900  0.050100  0.121000  0.050100
 -0.225600  0.218500 -0.490000  0.130500  0.260900 -0.712800  0.260900

product4 (9, 7)
 -0.001753  0.595831 -0.014813  0.452199  0.697289  0.010180  0.697289
 -0.072279  0.493875  0.625366  0.074264  0.012012 -0.013315  0.012012
  0.000219 -0.006695  0.005163 -0.001319  0.356890  0.703556  0.356890
  0.196785  0.051156  0.006360  0.217910  0.053228 -0.053962  0.053228
 -0.072279  0.493875  0.625366  0.074264  0.012012 -0.013315  0.012012
  0.631518 -0.059725  0.028820  0.529100 -0.000793  0.000232 -0.000793
  0.000219 -0.006695  0.005163 -0.001319  0.356890  0.703556  0.356890
  0.215121  0.248237  0.434621  0.226170 -0.035944  0.039348 -0.035944
  0.631518 -0.059725  0.028820  0.529100 -0.000793  0.000232 -0.000793

product4 (9, 7)
 -0.001800  0.595800 -0.014800  0.452200  0.697300  0.010200  0.697300
 -0.072300  0.493900  0.625400  0.074300  0.012000 -0.013300  0.012000
  0.000200 -0.006700  0.005200 -0.001300  0.356900  0.703600  0.356900
  0.196800  0.051200  0.006400  0.217900  0.053200 -0.054000  0.053200
 -0.072300  0.493900  0.625400  0.074300  0.012000 -0.013300  0.012000
  0.631500 -0.059700  0.028800  0.529100 -0.000800  0.000200 -0.000800
  0.000200 -0.006700  0.005200 -0.001300  0.356900  0.703600  0.356900
  0.215100  0.248200  0.434600  0.226200 -0.035900  0.039300 -0.035900
  0.631500 -0.059700  0.028800  0.529100 -0.000800  0.000200 -0.000800

1.0
1.0
1.0
1.0
1.0
1.0
1.0
0.945030781859
0.956191163206
0.986425031441
0.934906167757
0.86334685149
0.997447092995
0.86334685149
product4    0    0   1.000000
product4    0    1  -0.093409
product4    0    2   0.043742
product4    0    3   0.846934
product4    0    4  -0.001301
product4    0    5   0.000376
product4    0    6  -0.001301

product4    1    0  -0.093409
product4    1    1   1.000000
product4    1    2   0.756545
product4    1    3   0.388050
product4    1    4   0.504465
product4    1    5  -0.009989
product4    1    6   0.504465

product4    2    0   0.043742
product4    2    1   0.756545
product4    2    2   1.000000
product4    2    3   0.234603
product4    2    4  -0.008159
product4    2    5   0.007350
product4    2    6  -0.008159

product4    3    0   0.846934
product4    3    1   0.388050
product4    3    2   0.234603
product4    3    3   1.000000
product4    3    4   0.394954
product4    3    5  -0.001978
product4    3    6   0.394954

product4    4    0  -0.001301
product4    4    1   0.504465
product4    4    2  -0.008159
product4    4    3   0.394954
product4    4    4   1.000000
product4    4    5   0.586054
product4    4    6   1.000000

product4    5    0   0.000376
product4    5    1  -0.009989
product4    5    2   0.007350
product4    5    3  -0.001978
product4    5    4   0.586054
product4    5    5   1.000000
product4    5    6   0.586054

product4    6    0  -0.001301
product4    6    1   0.504465
product4    6    2  -0.008159
product4    6    3   0.394954
product4    6    4   1.000000
product4    6    5   0.586054
product4    6    6   1.000000

product7    0    0   1.000000
product7    0    1   0.000000
product7    0    2  -0.000000
product7    0    3   0.632456
product7    0    4   0.000000
product7    0    5  -0.000000
product7    0    6   0.000000

product7    1    0   0.000000
product7    1    1   1.000000
product7    1    2   0.666667
product7    1    3   0.258199
product7    1    4   0.408248
product7    1    5   0.000000
product7    1    6   0.408248

product7    2    0  -0.000000
product7    2    1   0.666667
product7    2    2   1.000000
product7    2    3   0.258199
product7    2    4   0.000000
product7    2    5   0.000000
product7    2    6   0.000000

product7    3    0   0.632456
product7    3    1   0.258199
product7    3    2   0.258199
product7    3    3   1.000000
product7    3    4   0.316228
product7    3    5   0.000000
product7    3    6   0.316228

product7    4    0   0.000000
product7    4    1   0.408248
product7    4    2   0.000000
product7    4    3   0.316228
product7    4    4   1.000000
product7    4    5   0.500000
product7    4    6   0.500000

product7    5    0  -0.000000
product7    5    1   0.000000
product7    5    2   0.000000
product7    5    3   0.000000
product7    5    4   0.500000
product7    5    5   1.000000
product7    5    6   0.500000

product7    6    0   0.000000
product7    6    1   0.408248
product7    6    2   0.000000
product7    6    3   0.316228
product7    6    4   0.500000
product7    6    5   0.500000
product7    6    6   1.000000

[[ 1.  0.  0.  0.  0.  0.  0.  0.  0.]]
[[ 0.  1.  0.  0.  0.  0.  0.  0.  0.]]
[[ 0.  0.  1.  0.  0.  0.  0.  0.  0.]]
[[ 0.  0.  0.  1.  0.  0.  0.  0.  0.]]
[[ 0.  0.  0.  0.  1.  0.  0.  0.  0.]]
[[ 0.  0.  0.  0.  0.  1.  0.  0.  0.]]
[[ 0.  0.  0.  0.  0.  0.  1.  0.  0.]]
[[ 0.  0.  0.  0.  0.  0.  0.  1.  0.]]
[[ 0.  0.  0.  0.  0.  0.  0.  0.  1.]]
